{
  "cells": [
    {
      "cell_type": "code",
      "execution_count": 34,
      "metadata": {
        "id": "5QY_dJNaezuj"
      },
      "outputs": [],
      "source": [
        "import numpy as np\n",
        "from numpy.random import rand\n",
        "import matplotlib.pyplot as plt\n",
        "from sklearn.preprocessing import OneHotEncoder"
      ]
    },
    {
      "cell_type": "code",
      "execution_count": 35,
      "metadata": {
        "id": "EqHbE3Xwe4fu"
      },
      "outputs": [],
      "source": [
        "X=np.array(([0.9,0.8],[0.6,0.3],[0.9,0.1],[0.9,0.8],[0.2,0.35],[0.4,0.39]))\n",
        "Y=np.array((['Netural'],['Positive'],['Positive'],['Netural'],['Negative'],['Negative']))"
      ]
    },
    {
      "cell_type": "code",
      "source": [
        "enc=OneHotEncoder(sparse_output=False,categories='auto')\n",
        "Y=enc.fit_transform(Y.reshape(len(Y),-1))"
      ],
      "metadata": {
        "id": "tI2oW8n0O-f3"
      },
      "execution_count": 36,
      "outputs": []
    },
    {
      "cell_type": "code",
      "source": [
        "enc.categories_"
      ],
      "metadata": {
        "colab": {
          "base_uri": "https://localhost:8080/"
        },
        "id": "srR1uK6qUiYV",
        "outputId": "27a8c915-3436-4513-94d8-3031a88ccd86"
      },
      "execution_count": 37,
      "outputs": [
        {
          "output_type": "execute_result",
          "data": {
            "text/plain": [
              "[array(['Negative', 'Netural', 'Positive'], dtype='<U8')]"
            ]
          },
          "metadata": {},
          "execution_count": 37
        }
      ]
    },
    {
      "cell_type": "code",
      "source": [
        "Y"
      ],
      "metadata": {
        "colab": {
          "base_uri": "https://localhost:8080/"
        },
        "id": "wLFpmQcLU2cR",
        "outputId": "c6dda588-525f-4ab8-d716-8e2ff1370579"
      },
      "execution_count": 38,
      "outputs": [
        {
          "output_type": "execute_result",
          "data": {
            "text/plain": [
              "array([[0., 1., 0.],\n",
              "       [0., 0., 1.],\n",
              "       [0., 0., 1.],\n",
              "       [0., 1., 0.],\n",
              "       [1., 0., 0.],\n",
              "       [1., 0., 0.]])"
            ]
          },
          "metadata": {},
          "execution_count": 38
        }
      ]
    },
    {
      "cell_type": "code",
      "execution_count": 39,
      "metadata": {
        "id": "o5dknSbve7QO"
      },
      "outputs": [],
      "source": [
        "def sigmoid(z):\n",
        "  return 1/(1+np.exp(-z))\n",
        "\n",
        "\n",
        "def softmax(z):\n",
        "  return np.exp(z)/np.sum(np.exp(z),axis=1,keepdims=True)\n",
        "\n",
        "class NeuralNetwork:\n",
        "  def __init__(self,x,y,nodes_in_layer1=4,nodes_in_layer2=3,nodes_in_layer3=3,l_rate=1):\n",
        "\n",
        "    self.inputs_in_layer0=x\n",
        "    self.y=y\n",
        "\n",
        "    self.nodes_in_layer1=nodes_in_layer1\n",
        "    self.nodes_in_layer2=nodes_in_layer2\n",
        "    self.nodes_in_layer3=nodes_in_layer3\n",
        "\n",
        "\n",
        "    self.l_rate=l_rate # Added this line to initialize l_rate\n",
        "\n",
        "    self.thetas_layer0=np.random.rand(self.inputs_in_layer0.shape[1]+1,self.nodes_in_layer1)\n",
        "    self.thetas_layer1=np.random.rand(self.nodes_in_layer1 + 1,self.nodes_in_layer2)\n",
        "    self.thetas_layer2=np.random.rand(self.nodes_in_layer2 + 1,self.nodes_in_layer3)\n",
        "\n",
        "  def feedforward(self):\n",
        "\n",
        "    n=self.inputs_in_layer0.shape[0]\n",
        "\n",
        "    self.Z1=self.thetas_layer0[0]+np.dot(self.inputs_in_layer0,self.thetas_layer0[1:])\n",
        "    self.layer1=sigmoid(self.Z1)\n",
        "\n",
        "    self.Z2=self.thetas_layer1[0]+np.dot(self.layer1,self.thetas_layer1[1:])\n",
        "    self.layer2=sigmoid(self.Z2)\n",
        "\n",
        "    self.Z3=self.thetas_layer2[0]+np.dot(self.layer2,self.thetas_layer2[1:])\n",
        "    self.layer3=softmax(self.Z3)\n",
        "\n",
        "    return self.layer3\n",
        "\n",
        "  def cost_func(self):\n",
        "\n",
        "    self.n=self.inputs_in_layer0.shape[0]\n",
        "    self.cost=(1/self.n)*np.sum(-self.y*np.log(self.layer3))\n",
        "    return self.cost\n",
        "\n",
        "  def backprop(self):\n",
        "\n",
        "    # Output layer (Layer 3) gradients\n",
        "    self.dE_dZ3 = self.layer3 - self.y # Corrected: dE/dZ3 for softmax+cross-entropy\n",
        "    self.dE_dtheta2 = np.dot(self.layer2.T, self.dE_dZ3)\n",
        "    self.dE_dbais2 = np.sum(self.dE_dZ3, axis=0) # Corrected: sum along samples for bias gradient\n",
        "\n",
        "    # Hidden layer 2 (Layer 2) gradients\n",
        "    self.dE_dlayer2 = np.dot(self.dE_dZ3, self.thetas_layer2[1:].T)\n",
        "    self.dE_dZ2 = np.multiply(self.dE_dlayer2, (sigmoid(self.Z2)*(1-sigmoid(self.Z2))))\n",
        "    self.dE_dtheta1 = np.dot(self.layer1.T, self.dE_dZ2)\n",
        "    self.dE_dbais1 = np.sum(self.dE_dZ2, axis=0) # Corrected: sum along samples for bias gradient\n",
        "\n",
        "    # Hidden layer 1 (Layer 1) gradients\n",
        "    self.dE_dlayer1 = np.dot(self.dE_dZ2, self.thetas_layer1[1:].T)\n",
        "    self.dE_dZ1 = np.multiply(self.dE_dlayer1, (sigmoid(self.Z1)*(1-sigmoid(self.Z1))))\n",
        "    self.dE_dtheta0 = np.dot(self.inputs_in_layer0.T, self.dE_dZ1)\n",
        "    self.dE_dbais0 = np.sum(self.dE_dZ1, axis=0) # Corrected: sum along samples for bias gradient\n",
        "\n",
        "    # Update weights and biases\n",
        "    self.thetas_layer2[1:] = self.thetas_layer2[1:] - self.l_rate * self.dE_dtheta2\n",
        "    self.thetas_layer1[1:] = self.thetas_layer1[1:] - self.l_rate * self.dE_dtheta1\n",
        "    self.thetas_layer0[1:] = self.thetas_layer0[1:] - self.l_rate * self.dE_dtheta0\n",
        "\n",
        "    self.thetas_layer2[0] = self.thetas_layer2[0] - self.l_rate * self.dE_dbais2\n",
        "    self.thetas_layer1[0] = self.thetas_layer1[0] - self.l_rate * self.dE_dbais1\n",
        "    self.thetas_layer0[0] = self.thetas_layer0[0] - self.l_rate * self.dE_dbais0\n",
        "\n",
        "    return self"
      ]
    },
    {
      "cell_type": "code",
      "source": [
        "NN.Z3"
      ],
      "metadata": {
        "colab": {
          "base_uri": "https://localhost:8080/"
        },
        "id": "ead6pODugHIc",
        "outputId": "16facf0f-dd86-45ea-e879-5d2d1328d393"
      },
      "execution_count": 40,
      "outputs": [
        {
          "output_type": "execute_result",
          "data": {
            "text/plain": [
              "array([[-8.20084354, 10.32681591,  3.4924267 ],\n",
              "       [-0.50283675, -1.6399365 ,  5.23315284],\n",
              "       [-1.5162006 , -0.81372453,  5.6354662 ],\n",
              "       [-8.20084354, 10.32681591,  3.4924267 ],\n",
              "       [ 6.33188424, -4.44521531, -0.01277855],\n",
              "       [ 5.85151528, -4.25841841,  0.36525582]])"
            ]
          },
          "metadata": {},
          "execution_count": 40
        }
      ]
    },
    {
      "cell_type": "code",
      "source": [
        "NN.layer3"
      ],
      "metadata": {
        "colab": {
          "base_uri": "https://localhost:8080/"
        },
        "id": "1qbETOr_gDjG",
        "outputId": "6683101c-d501-4510-98bc-15f93a875e36"
      },
      "execution_count": 41,
      "outputs": [
        {
          "output_type": "execute_result",
          "data": {
            "text/plain": [
              "array([[8.97578888e-09, 9.98925023e-01, 1.07496759e-03],\n",
              "       [3.21398559e-03, 1.03087920e-03, 9.95755135e-01],\n",
              "       [7.81707939e-04, 1.57806906e-03, 9.97640223e-01],\n",
              "       [8.97578888e-09, 9.98925023e-01, 1.07496759e-03],\n",
              "       [9.98226185e-01, 2.08350282e-05, 1.75297984e-03],\n",
              "       [9.95833446e-01, 4.05040356e-05, 4.12605012e-03]])"
            ]
          },
          "metadata": {},
          "execution_count": 41
        }
      ]
    },
    {
      "cell_type": "code",
      "execution_count": 42,
      "metadata": {
        "colab": {
          "base_uri": "https://localhost:8080/"
        },
        "id": "T2UFtBiAfjl2",
        "outputId": "47f5ab3e-f6a6-4ab3-f5e2-f85affcb6d63"
      },
      "outputs": [
        {
          "output_type": "stream",
          "name": "stdout",
          "text": [
            "\u001b[1;30;43mStreaming output truncated to the last 5000 lines.\u001b[0m\n",
            "cost: \n",
            " 1.1039576795285435 \n",
            "\n",
            "iteration #  238\n",
            "Actual Output: \n",
            " [[0. 1. 0.]\n",
            " [0. 0. 1.]\n",
            " [0. 0. 1.]\n",
            " [0. 1. 0.]\n",
            " [1. 0. 0.]\n",
            " [1. 0. 0.]]\n",
            "Predicted Output: \n",
            " [[0.30737699 0.38033063 0.31229237]\n",
            " [0.30737544 0.38032413 0.31230044]\n",
            " [0.30736624 0.38028274 0.31235102]\n",
            " [0.30737699 0.38033063 0.31229237]\n",
            " [0.3073762  0.38032728 0.31229652]\n",
            " [0.30737629 0.38032771 0.31229599]] \n",
            "\n",
            "cost: \n",
            " 1.103368561326939 \n",
            "\n",
            "iteration #  239\n",
            "Actual Output: \n",
            " [[0. 1. 0.]\n",
            " [0. 0. 1.]\n",
            " [0. 0. 1.]\n",
            " [0. 1. 0.]\n",
            " [1. 0. 0.]\n",
            " [1. 0. 0.]]\n",
            "Predicted Output: \n",
            " [[0.35905011 0.28679078 0.35415912]\n",
            " [0.35904742 0.28678517 0.35416741]\n",
            " [0.35903112 0.28674952 0.35421936]\n",
            " [0.35905011 0.28679078 0.35415912]\n",
            " [0.35904873 0.28678789 0.35416338]\n",
            " [0.3590489  0.28678826 0.35416284]] \n",
            "\n",
            "cost: \n",
            " 1.103737165250413 \n",
            "\n",
            "iteration #  240\n",
            "Actual Output: \n",
            " [[0. 1. 0.]\n",
            " [0. 0. 1.]\n",
            " [0. 0. 1.]\n",
            " [0. 1. 0.]\n",
            " [1. 0. 0.]\n",
            " [1. 0. 0.]]\n",
            "Predicted Output: \n",
            " [[0.3078873  0.37940673 0.31270597]\n",
            " [0.30788573 0.37940022 0.31271404]\n",
            " [0.30787645 0.37935882 0.31276472]\n",
            " [0.3078873  0.37940673 0.31270597]\n",
            " [0.3078865  0.37940337 0.31271012]\n",
            " [0.3078866  0.37940381 0.3127096 ]] \n",
            "\n",
            "cost: \n",
            " 1.103185157087983 \n",
            "\n",
            "iteration #  241\n",
            "Actual Output: \n",
            " [[0. 1. 0.]\n",
            " [0. 0. 1.]\n",
            " [0. 0. 1.]\n",
            " [0. 1. 0.]\n",
            " [1. 0. 0.]\n",
            " [1. 0. 0.]]\n",
            "Predicted Output: \n",
            " [[0.35855379 0.2876901  0.35375611]\n",
            " [0.35855111 0.28768448 0.35376442]\n",
            " [0.35853486 0.28764871 0.35381644]\n",
            " [0.35855379 0.2876901  0.35375611]\n",
            " [0.35855241 0.2876872  0.35376038]\n",
            " [0.35855258 0.28768758 0.35375984]] \n",
            "\n",
            "cost: \n",
            " 1.103534056628852 \n",
            "\n",
            "iteration #  242\n",
            "Actual Output: \n",
            " [[0. 1. 0.]\n",
            " [0. 0. 1.]\n",
            " [0. 0. 1.]\n",
            " [0. 1. 0.]\n",
            " [1. 0. 0.]\n",
            " [1. 0. 0.]]\n",
            "Predicted Output: \n",
            " [[0.30836837 0.37853578 0.31309585]\n",
            " [0.30836678 0.37852927 0.31310394]\n",
            " [0.30835743 0.37848786 0.31315472]\n",
            " [0.30836837 0.37853578 0.31309585]\n",
            " [0.30836756 0.37853243 0.31310001]\n",
            " [0.30836766 0.37853286 0.31309948]] \n",
            "\n",
            "cost: \n",
            " 1.103015444513469 \n",
            "\n",
            "iteration #  243\n",
            "Actual Output: \n",
            " [[0. 1. 0.]\n",
            " [0. 0. 1.]\n",
            " [0. 0. 1.]\n",
            " [0. 1. 0.]\n",
            " [1. 0. 0.]\n",
            " [1. 0. 0.]]\n",
            "Predicted Output: \n",
            " [[0.35808542 0.28853872 0.35337586]\n",
            " [0.35808275 0.28853308 0.35338417]\n",
            " [0.35806654 0.28849719 0.35343626]\n",
            " [0.35808542 0.28853872 0.35337586]\n",
            " [0.35808406 0.28853581 0.35338013]\n",
            " [0.35808422 0.28853619 0.35337959]] \n",
            "\n",
            "cost: \n",
            " 1.1033463657556295 \n",
            "\n",
            "iteration #  244\n",
            "Actual Output: \n",
            " [[0. 1. 0.]\n",
            " [0. 0. 1.]\n",
            " [0. 0. 1.]\n",
            " [0. 1. 0.]\n",
            " [1. 0. 0.]\n",
            " [1. 0. 0.]]\n",
            "Predicted Output: \n",
            " [[0.30882289 0.37771289 0.31346422]\n",
            " [0.3088213  0.37770638 0.31347232]\n",
            " [0.30881187 0.37766495 0.31352319]\n",
            " [0.30882289 0.37771289 0.31346422]\n",
            " [0.30882208 0.37770954 0.31346838]\n",
            " [0.30882218 0.37770997 0.31346785]] \n",
            "\n",
            "cost: \n",
            " 1.1028579346296543 \n",
            "\n",
            "iteration #  245\n",
            "Actual Output: \n",
            " [[0. 1. 0.]\n",
            " [0. 0. 1.]\n",
            " [0. 0. 1.]\n",
            " [0. 1. 0.]\n",
            " [1. 0. 0.]\n",
            " [1. 0. 0.]]\n",
            "Predicted Output: \n",
            " [[0.35764247 0.28934126 0.35301627]\n",
            " [0.35763981 0.2893356  0.35302459]\n",
            " [0.35762364 0.2892996  0.35307676]\n",
            " [0.35764247 0.28934126 0.35301627]\n",
            " [0.35764111 0.28933834 0.35302055]\n",
            " [0.35764128 0.28933872 0.35302001]] \n",
            "\n",
            "cost: \n",
            " 1.1031723969474623 \n",
            "\n",
            "iteration #  246\n",
            "Actual Output: \n",
            " [[0. 1. 0.]\n",
            " [0. 0. 1.]\n",
            " [0. 0. 1.]\n",
            " [0. 1. 0.]\n",
            " [1. 0. 0.]\n",
            " [1. 0. 0.]]\n",
            "Predicted Output: \n",
            " [[0.30925325 0.37693377 0.31381298]\n",
            " [0.30925164 0.37692726 0.3138211 ]\n",
            " [0.30924214 0.3768858  0.31387206]\n",
            " [0.30925325 0.37693377 0.31381298]\n",
            " [0.30925243 0.37693042 0.31381716]\n",
            " [0.30925253 0.37693085 0.31381662]] \n",
            "\n",
            "cost: \n",
            " 1.1027113478075714 \n",
            "\n",
            "iteration #  247\n",
            "Actual Output: \n",
            " [[0. 1. 0.]\n",
            " [0. 0. 1.]\n",
            " [0. 0. 1.]\n",
            " [0. 1. 0.]\n",
            " [1. 0. 0.]\n",
            " [1. 0. 0.]]\n",
            "Predicted Output: \n",
            " [[0.35722271 0.29010176 0.35267554]\n",
            " [0.35722004 0.29009609 0.35268387]\n",
            " [0.35720391 0.29005998 0.35273612]\n",
            " [0.35722271 0.29010176 0.35267554]\n",
            " [0.35722134 0.29009883 0.35267982]\n",
            " [0.35722151 0.29009921 0.35267928]] \n",
            "\n",
            "cost: \n",
            " 1.1030106948616947 \n",
            "\n",
            "iteration #  248\n",
            "Actual Output: \n",
            " [[0. 1. 0.]\n",
            " [0. 0. 1.]\n",
            " [0. 0. 1.]\n",
            " [0. 1. 0.]\n",
            " [1. 0. 0.]\n",
            " [1. 0. 0.]]\n",
            "Predicted Output: \n",
            " [[0.30966151 0.37619466 0.31414383]\n",
            " [0.30965989 0.37618814 0.31415197]\n",
            " [0.30965032 0.37614666 0.31420302]\n",
            " [0.30966151 0.37619466 0.31414383]\n",
            " [0.30966069 0.3761913  0.31414802]\n",
            " [0.30966078 0.37619173 0.31414748]] \n",
            "\n",
            "cost: \n",
            " 1.102574578096085 \n",
            "\n",
            "iteration #  249\n",
            "Actual Output: \n",
            " [[0. 1. 0.]\n",
            " [0. 0. 1.]\n",
            " [0. 0. 1.]\n",
            " [0. 1. 0.]\n",
            " [1. 0. 0.]\n",
            " [1. 0. 0.]]\n",
            "Predicted Output: \n",
            " [[0.35682415 0.29082379 0.35235206]\n",
            " [0.35682149 0.2908181  0.3523604 ]\n",
            " [0.35680539 0.29078189 0.35241272]\n",
            " [0.35682415 0.29082379 0.35235206]\n",
            " [0.35682279 0.29082086 0.35235635]\n",
            " [0.35682296 0.29082124 0.3523558 ]] \n",
            "\n",
            "cost: \n",
            " 1.1028600033032125 \n",
            "\n",
            "iteration #  250\n",
            "Actual Output: \n",
            " [[0. 1. 0.]\n",
            " [0. 0. 1.]\n",
            " [0. 0. 1.]\n",
            " [0. 1. 0.]\n",
            " [1. 0. 0.]\n",
            " [1. 0. 0.]]\n",
            "Predicted Output: \n",
            " [[0.31004952 0.37549222 0.31445826]\n",
            " [0.31004789 0.3754857  0.31446641]\n",
            " [0.31003824 0.37544419 0.31451756]\n",
            " [0.31004952 0.37549222 0.31445826]\n",
            " [0.31004869 0.37548886 0.31446245]\n",
            " [0.31004879 0.37548929 0.31446192]] \n",
            "\n",
            "cost: \n",
            " 1.102446664625845 \n",
            "\n",
            "iteration #  251\n",
            "Actual Output: \n",
            " [[0. 1. 0.]\n",
            " [0. 0. 1.]\n",
            " [0. 0. 1.]\n",
            " [0. 1. 0.]\n",
            " [1. 0. 0.]\n",
            " [1. 0. 0.]]\n",
            "Predicted Output: \n",
            " [[0.35644508 0.29151051 0.35204441]\n",
            " [0.35644243 0.29150481 0.35205277]\n",
            " [0.35642635 0.29146849 0.35210516]\n",
            " [0.35644508 0.29151051 0.35204441]\n",
            " [0.35644372 0.29150757 0.35204871]\n",
            " [0.35644389 0.29150795 0.35204816]] \n",
            "\n",
            "cost: \n",
            " 1.1027192322345658 \n",
            "\n",
            "iteration #  252\n",
            "Actual Output: \n",
            " [[0. 1. 0.]\n",
            " [0. 0. 1.]\n",
            " [0. 0. 1.]\n",
            " [0. 1. 0.]\n",
            " [1. 0. 0.]\n",
            " [1. 0. 0.]]\n",
            "Predicted Output: \n",
            " [[0.3104189  0.37482351 0.31475759]\n",
            " [0.31041726 0.37481698 0.31476575]\n",
            " [0.31040755 0.37477545 0.314817  ]\n",
            " [0.3104189  0.37482351 0.31475759]\n",
            " [0.31041807 0.37482014 0.31476179]\n",
            " [0.31041817 0.37482058 0.31476126]] \n",
            "\n",
            "cost: \n",
            " 1.102326768497591 \n",
            "\n",
            "iteration #  253\n",
            "Actual Output: \n",
            " [[0. 1. 0.]\n",
            " [0. 0. 1.]\n",
            " [0. 0. 1.]\n",
            " [0. 1. 0.]\n",
            " [1. 0. 0.]\n",
            " [1. 0. 0.]]\n",
            "Predicted Output: \n",
            " [[0.35608394 0.29216472 0.35175134]\n",
            " [0.35608129 0.292159   0.35175971]\n",
            " [0.35606524 0.29212258 0.35181218]\n",
            " [0.35608394 0.29216472 0.35175134]\n",
            " [0.35608259 0.29216177 0.35175565]\n",
            " [0.35608275 0.29216215 0.3517551 ]] \n",
            "\n",
            "cost: \n",
            " 1.1025874311423964 \n",
            "\n",
            "iteration #  254\n",
            "Actual Output: \n",
            " [[0. 1. 0.]\n",
            " [0. 0. 1.]\n",
            " [0. 0. 1.]\n",
            " [0. 1. 0.]\n",
            " [1. 0. 0.]\n",
            " [1. 0. 0.]]\n",
            "Predicted Output: \n",
            " [[0.31077111 0.37418589 0.315043  ]\n",
            " [0.31076946 0.37417937 0.31505117]\n",
            " [0.31075968 0.37413781 0.31510251]\n",
            " [0.31077111 0.37418589 0.315043  ]\n",
            " [0.31077027 0.37418253 0.3150472 ]\n",
            " [0.31077037 0.37418296 0.31504667]] \n",
            "\n",
            "cost: \n",
            " 1.1022141539631574 \n",
            "\n",
            "iteration #  255\n",
            "Actual Output: \n",
            " [[0. 1. 0.]\n",
            " [0. 0. 1.]\n",
            " [0. 0. 1.]\n",
            " [0. 1. 0.]\n",
            " [1. 0. 0.]\n",
            " [1. 0. 0.]]\n",
            "Predicted Output: \n",
            " [[0.35573936 0.29278891 0.35147173]\n",
            " [0.35573671 0.29278318 0.35148011]\n",
            " [0.35572068 0.29274666 0.35153266]\n",
            " [0.35573936 0.29278891 0.35147173]\n",
            " [0.355738   0.29278596 0.35147604]\n",
            " [0.35573817 0.29278634 0.35147549]] \n",
            "\n",
            "cost: \n",
            " 1.1024637673741935 \n",
            "\n",
            "iteration #  256\n",
            "Actual Output: \n",
            " [[0. 1. 0.]\n",
            " [0. 0. 1.]\n",
            " [0. 0. 1.]\n",
            " [0. 1. 0.]\n",
            " [1. 0. 0.]\n",
            " [1. 0. 0.]]\n",
            "Predicted Output: \n",
            " [[0.31110744 0.37357703 0.31531553]\n",
            " [0.31110578 0.3735705  0.31532372]\n",
            " [0.31109594 0.37352891 0.31537515]\n",
            " [0.31110744 0.37357703 0.31531553]\n",
            " [0.31110659 0.37357366 0.31531974]\n",
            " [0.3111067  0.3735741  0.31531921]] \n",
            "\n",
            "cost: \n",
            " 1.1021081729950448 \n",
            "\n",
            "iteration #  257\n",
            "Actual Output: \n",
            " [[0. 1. 0.]\n",
            " [0. 0. 1.]\n",
            " [0. 0. 1.]\n",
            " [0. 1. 0.]\n",
            " [1. 0. 0.]\n",
            " [1. 0. 0.]]\n",
            "Predicted Output: \n",
            " [[0.35541009 0.29338533 0.35120457]\n",
            " [0.35540745 0.29337958 0.35121296]\n",
            " [0.35539144 0.29334297 0.35126559]\n",
            " [0.35541009 0.29338533 0.35120457]\n",
            " [0.35540874 0.29338237 0.35120889]\n",
            " [0.35540891 0.29338275 0.35120834]] \n",
            "\n",
            "cost: \n",
            " 1.1023475083946677 \n",
            "\n",
            "iteration #  258\n",
            "Actual Output: \n",
            " [[0. 1. 0.]\n",
            " [0. 0. 1.]\n",
            " [0. 0. 1.]\n",
            " [0. 1. 0.]\n",
            " [1. 0. 0.]\n",
            " [1. 0. 0.]]\n",
            "Predicted Output: \n",
            " [[0.31142906 0.37299481 0.31557614]\n",
            " [0.31142739 0.37298827 0.31558434]\n",
            " [0.31141749 0.37294666 0.31563586]\n",
            " [0.31142906 0.37299481 0.31557614]\n",
            " [0.31142821 0.37299144 0.31558035]\n",
            " [0.31142831 0.37299187 0.31557982]] \n",
            "\n",
            "cost: \n",
            " 1.1020082525520583 \n",
            "\n",
            "iteration #  259\n",
            "Actual Output: \n",
            " [[0. 1. 0.]\n",
            " [0. 0. 1.]\n",
            " [0. 0. 1.]\n",
            " [0. 1. 0.]\n",
            " [1. 0. 0.]\n",
            " [1. 0. 0.]]\n",
            "Predicted Output: \n",
            " [[0.35509505 0.29395599 0.35094896]\n",
            " [0.35509241 0.29395023 0.35095737]\n",
            " [0.35507641 0.29391352 0.35101007]\n",
            " [0.35509505 0.29395599 0.35094896]\n",
            " [0.3550937  0.29395302 0.35095328]\n",
            " [0.35509386 0.2939534  0.35095273]] \n",
            "\n",
            "cost: \n",
            " 1.102238007157704 \n",
            "\n",
            "iteration #  260\n",
            "Actual Output: \n",
            " [[0. 1. 0.]\n",
            " [0. 0. 1.]\n",
            " [0. 0. 1.]\n",
            " [0. 1. 0.]\n",
            " [1. 0. 0.]\n",
            " [1. 0. 0.]]\n",
            "Predicted Output: \n",
            " [[0.31173701 0.37243733 0.31582566]\n",
            " [0.31173533 0.37243079 0.31583388]\n",
            " [0.31172537 0.37238915 0.31588549]\n",
            " [0.31173701 0.37243733 0.31582566]\n",
            " [0.31173615 0.37243396 0.31582989]\n",
            " [0.31173625 0.3724344  0.31582935]] \n",
            "\n",
            "cost: \n",
            " 1.1019138840059197 \n",
            "\n",
            "iteration #  261\n",
            "Actual Output: \n",
            " [[0. 1. 0.]\n",
            " [0. 0. 1.]\n",
            " [0. 0. 1.]\n",
            " [0. 1. 0.]\n",
            " [1. 0. 0.]\n",
            " [1. 0. 0.]]\n",
            "Predicted Output: \n",
            " [[0.35479322 0.29450269 0.35070409]\n",
            " [0.35479058 0.29449692 0.3507125 ]\n",
            " [0.3547746  0.29446012 0.35076528]\n",
            " [0.35479322 0.29450269 0.35070409]\n",
            " [0.35479187 0.29449972 0.35070841]\n",
            " [0.35479203 0.2945001  0.35070787]] \n",
            "\n",
            "cost: \n",
            " 1.10213468997315 \n",
            "\n",
            "iteration #  262\n",
            "Actual Output: \n",
            " [[0. 1. 0.]\n",
            " [0. 0. 1.]\n",
            " [0. 0. 1.]\n",
            " [0. 1. 0.]\n",
            " [1. 0. 0.]\n",
            " [1. 0. 0.]]\n",
            "Predicted Output: \n",
            " [[0.31203223 0.37190289 0.31606487]\n",
            " [0.31203055 0.37189635 0.3160731 ]\n",
            " [0.31202053 0.37185467 0.31612481]\n",
            " [0.31203223 0.37190289 0.31606487]\n",
            " [0.31203137 0.37189952 0.3160691 ]\n",
            " [0.31203148 0.37189996 0.31606857]] \n",
            "\n",
            "cost: \n",
            " 1.101824614311995 \n",
            "\n",
            "iteration #  263\n",
            "Actual Output: \n",
            " [[0. 1. 0.]\n",
            " [0. 0. 1.]\n",
            " [0. 0. 1.]\n",
            " [0. 1. 0.]\n",
            " [1. 0. 0.]\n",
            " [1. 0. 0.]]\n",
            "Predicted Output: \n",
            " [[0.3545037  0.29502708 0.35046922]\n",
            " [0.35450106 0.29502129 0.35047764]\n",
            " [0.3544851  0.2949844  0.3505305 ]\n",
            " [0.3545037  0.29502708 0.35046922]\n",
            " [0.35450235 0.2950241  0.35047355]\n",
            " [0.35450252 0.29502448 0.350473  ]] \n",
            "\n",
            "cost: \n",
            " 1.102037046385249 \n",
            "\n",
            "iteration #  264\n",
            "Actual Output: \n",
            " [[0. 1. 0.]\n",
            " [0. 0. 1.]\n",
            " [0. 0. 1.]\n",
            " [0. 1. 0.]\n",
            " [1. 0. 0.]\n",
            " [1. 0. 0.]]\n",
            "Predicted Output: \n",
            " [[0.3123156  0.37138994 0.31629447]\n",
            " [0.3123139  0.37138339 0.31630271]\n",
            " [0.31230382 0.37134167 0.3163545 ]\n",
            " [0.3123156  0.37138994 0.31629447]\n",
            " [0.31231473 0.37138657 0.3162987 ]\n",
            " [0.31231484 0.371387   0.31629817]] \n",
            "\n",
            "cost: \n",
            " 1.101740038596841 \n",
            "\n",
            "iteration #  265\n",
            "Actual Output: \n",
            " [[0. 1. 0.]\n",
            " [0. 0. 1.]\n",
            " [0. 0. 1.]\n",
            " [0. 1. 0.]\n",
            " [1. 0. 0.]\n",
            " [1. 0. 0.]]\n",
            "Predicted Output: \n",
            " [[0.35422567 0.29553064 0.35024368]\n",
            " [0.35422304 0.29552484 0.35025212]\n",
            " [0.35420709 0.29548785 0.35030506]\n",
            " [0.35422567 0.29553064 0.35024368]\n",
            " [0.35422433 0.29552765 0.35024802]\n",
            " [0.35422449 0.29552804 0.35024747]] \n",
            "\n",
            "cost: \n",
            " 1.101944620683712 \n",
            "\n",
            "iteration #  266\n",
            "Actual Output: \n",
            " [[0. 1. 0.]\n",
            " [0. 0. 1.]\n",
            " [0. 0. 1.]\n",
            " [0. 1. 0.]\n",
            " [1. 0. 0.]\n",
            " [1. 0. 0.]]\n",
            "Predicted Output: \n",
            " [[0.31258787 0.37089706 0.31651507]\n",
            " [0.31258616 0.37089051 0.31652333]\n",
            " [0.31257603 0.37084876 0.31657521]\n",
            " [0.31258787 0.37089706 0.31651507]\n",
            " [0.312587   0.37089368 0.31651931]\n",
            " [0.31258711 0.37089412 0.31651878]] \n",
            "\n",
            "cost: \n",
            " 1.1016597939037576 \n",
            "\n",
            "iteration #  267\n",
            "Actual Output: \n",
            " [[0. 1. 0.]\n",
            " [0. 0. 1.]\n",
            " [0. 0. 1.]\n",
            " [0. 1. 0.]\n",
            " [1. 0. 0.]\n",
            " [1. 0. 0.]]\n",
            "Predicted Output: \n",
            " [[0.3539584  0.29601472 0.35002688]\n",
            " [0.35395577 0.2960089  0.35003533]\n",
            " [0.35393983 0.29597183 0.35008835]\n",
            " [0.3539584  0.29601472 0.35002688]\n",
            " [0.35395706 0.29601172 0.35003122]\n",
            " [0.35395722 0.29601211 0.35003067]] \n",
            "\n",
            "cost: \n",
            " 1.1018570047479352 \n",
            "\n",
            "iteration #  268\n",
            "Actual Output: \n",
            " [[0. 1. 0.]\n",
            " [0. 0. 1.]\n",
            " [0. 0. 1.]\n",
            " [0. 1. 0.]\n",
            " [1. 0. 0.]\n",
            " [1. 0. 0.]]\n",
            "Predicted Output: \n",
            " [[0.31284976 0.37042298 0.31672726]\n",
            " [0.31284805 0.37041642 0.31673553]\n",
            " [0.31283786 0.37037463 0.31678751]\n",
            " [0.31284976 0.37042298 0.31672726]\n",
            " [0.31284889 0.3704196  0.31673151]\n",
            " [0.31284899 0.37042003 0.31673097]] \n",
            "\n",
            "cost: \n",
            " 1.10158355389026 \n",
            "\n",
            "iteration #  269\n",
            "Actual Output: \n",
            " [[0. 1. 0.]\n",
            " [0. 0. 1.]\n",
            " [0. 0. 1.]\n",
            " [0. 1. 0.]\n",
            " [1. 0. 0.]\n",
            " [1. 0. 0.]]\n",
            "Predicted Output: \n",
            " [[0.3537012  0.29648055 0.34981826]\n",
            " [0.35369857 0.29647471 0.34982672]\n",
            " [0.35368263 0.29643755 0.34987981]\n",
            " [0.3537012  0.29648055 0.34981826]\n",
            " [0.35369985 0.29647754 0.3498226 ]\n",
            " [0.35370002 0.29647793 0.34982205]] \n",
            "\n",
            "cost: \n",
            " 1.1017738319861246 \n",
            "\n",
            "iteration #  270\n",
            "Actual Output: \n",
            " [[0. 1. 0.]\n",
            " [0. 0. 1.]\n",
            " [0. 0. 1.]\n",
            " [0. 1. 0.]\n",
            " [1. 0. 0.]\n",
            " [1. 0. 0.]]\n",
            "Predicted Output: \n",
            " [[0.31310192 0.36996652 0.31693156]\n",
            " [0.3131002  0.36995996 0.31693984]\n",
            " [0.31308996 0.36991814 0.31699191]\n",
            " [0.31310192 0.36996652 0.31693156]\n",
            " [0.31310104 0.36996314 0.31693581]\n",
            " [0.31310115 0.36996358 0.31693528]] \n",
            "\n",
            "cost: \n",
            " 1.101511024312337 \n",
            "\n",
            "iteration #  271\n",
            "Actual Output: \n",
            " [[0. 1. 0.]\n",
            " [0. 0. 1.]\n",
            " [0. 0. 1.]\n",
            " [0. 1. 0.]\n",
            " [1. 0. 0.]\n",
            " [1. 0. 0.]]\n",
            "Predicted Output: \n",
            " [[0.35345345 0.29692924 0.34961731]\n",
            " [0.35345082 0.2969234  0.34962578]\n",
            " [0.35343489 0.29688615 0.34967896]\n",
            " [0.35345345 0.29692924 0.34961731]\n",
            " [0.35345211 0.29692623 0.34962166]\n",
            " [0.35345227 0.29692662 0.34962111]] \n",
            "\n",
            "cost: \n",
            " 1.101694772178564 \n",
            "\n",
            "iteration #  272\n",
            "Actual Output: \n",
            " [[0. 1. 0.]\n",
            " [0. 0. 1.]\n",
            " [0. 0. 1.]\n",
            " [0. 1. 0.]\n",
            " [1. 0. 0.]\n",
            " [1. 0. 0.]]\n",
            "Predicted Output: \n",
            " [[0.31334494 0.36952662 0.31712844]\n",
            " [0.3133432  0.36952005 0.31713674]\n",
            " [0.31333291 0.36947819 0.3171889 ]\n",
            " [0.31334494 0.36952662 0.31712844]\n",
            " [0.31334405 0.36952324 0.31713271]\n",
            " [0.31334416 0.36952367 0.31713217]] \n",
            "\n",
            "cost: \n",
            " 1.1014419391623378 \n",
            "\n",
            "iteration #  273\n",
            "Actual Output: \n",
            " [[0. 1. 0.]\n",
            " [0. 0. 1.]\n",
            " [0. 0. 1.]\n",
            " [0. 1. 0.]\n",
            " [1. 0. 0.]\n",
            " [1. 0. 0.]]\n",
            "Predicted Output: \n",
            " [[0.35321458 0.29736184 0.34942357]\n",
            " [0.35321196 0.29735598 0.34943206]\n",
            " [0.35319603 0.29731865 0.34948531]\n",
            " [0.35321458 0.29736184 0.34942357]\n",
            " [0.35321324 0.29735883 0.34942793]\n",
            " [0.35321341 0.29735921 0.34942738]] \n",
            "\n",
            "cost: \n",
            " 1.1016195270713554 \n",
            "\n",
            "iteration #  274\n",
            "Actual Output: \n",
            " [[0. 1. 0.]\n",
            " [0. 0. 1.]\n",
            " [0. 0. 1.]\n",
            " [0. 1. 0.]\n",
            " [1. 0. 0.]\n",
            " [1. 0. 0.]]\n",
            "Predicted Output: \n",
            " [[0.31357935 0.3691023  0.31731836]\n",
            " [0.31357761 0.36909572 0.31732667]\n",
            " [0.31356726 0.36905383 0.31737891]\n",
            " [0.31357935 0.3691023  0.31731836]\n",
            " [0.31357846 0.36909891 0.31732263]\n",
            " [0.31357857 0.36909935 0.31732209]] \n",
            "\n",
            "cost: \n",
            " 1.1013760573525344 \n",
            "\n",
            "iteration #  275\n",
            "Actual Output: \n",
            " [[0. 1. 0.]\n",
            " [0. 0. 1.]\n",
            " [0. 0. 1.]\n",
            " [0. 1. 0.]\n",
            " [1. 0. 0.]\n",
            " [1. 0. 0.]]\n",
            "Predicted Output: \n",
            " [[0.35298408 0.29777928 0.34923663]\n",
            " [0.35298146 0.29777341 0.34924513]\n",
            " [0.35296554 0.297736   0.34929846]\n",
            " [0.35298408 0.29777928 0.34923663]\n",
            " [0.35298274 0.29777626 0.34924099]\n",
            " [0.35298291 0.29777665 0.34924044]] \n",
            "\n",
            "cost: \n",
            " 1.1015478265961245 \n",
            "\n",
            "iteration #  276\n",
            "Actual Output: \n",
            " [[0. 1. 0.]\n",
            " [0. 0. 1.]\n",
            " [0. 0. 1.]\n",
            " [0. 1. 0.]\n",
            " [1. 0. 0.]\n",
            " [1. 0. 0.]]\n",
            "Predicted Output: \n",
            " [[0.31380565 0.36869265 0.3175017 ]\n",
            " [0.31380391 0.36868607 0.31751003]\n",
            " [0.31379351 0.36864413 0.31756236]\n",
            " [0.31380565 0.36869265 0.3175017 ]\n",
            " [0.31380476 0.36868926 0.31750598]\n",
            " [0.31380487 0.36868969 0.31750543]] \n",
            "\n",
            "cost: \n",
            " 1.101313159856324 \n",
            "\n",
            "iteration #  277\n",
            "Actual Output: \n",
            " [[0. 1. 0.]\n",
            " [0. 0. 1.]\n",
            " [0. 0. 1.]\n",
            " [0. 1. 0.]\n",
            " [1. 0. 0.]\n",
            " [1. 0. 0.]]\n",
            "Predicted Output: \n",
            " [[0.35276147 0.29818244 0.34905609]\n",
            " [0.35275884 0.29817656 0.3490646 ]\n",
            " [0.35274293 0.29813905 0.34911802]\n",
            " [0.35276147 0.29818244 0.34905609]\n",
            " [0.35276013 0.29817941 0.34906046]\n",
            " [0.35276029 0.2981798  0.34905991]] \n",
            "\n",
            "cost: \n",
            " 1.101479425614262 \n",
            "\n",
            "iteration #  278\n",
            "Actual Output: \n",
            " [[0. 1. 0.]\n",
            " [0. 0. 1.]\n",
            " [0. 0. 1.]\n",
            " [0. 1. 0.]\n",
            " [1. 0. 0.]\n",
            " [1. 0. 0.]]\n",
            "Predicted Output: \n",
            " [[0.31402431 0.36829684 0.31767884]\n",
            " [0.31402256 0.36829026 0.31768718]\n",
            " [0.31401211 0.36824828 0.31773961]\n",
            " [0.31402431 0.36829684 0.31767884]\n",
            " [0.31402342 0.36829345 0.31768313]\n",
            " [0.31402353 0.36829389 0.31768259]] \n",
            "\n",
            "cost: \n",
            " 1.1012530472349356 \n",
            "\n",
            "iteration #  279\n",
            "Actual Output: \n",
            " [[0. 1. 0.]\n",
            " [0. 0. 1.]\n",
            " [0. 0. 1.]\n",
            " [0. 1. 0.]\n",
            " [1. 0. 0.]\n",
            " [1. 0. 0.]]\n",
            "Predicted Output: \n",
            " [[0.3525463  0.29857211 0.34888159]\n",
            " [0.35254367 0.29856621 0.34889011]\n",
            " [0.35252776 0.29852863 0.34894361]\n",
            " [0.3525463  0.29857211 0.34888159]\n",
            " [0.35254496 0.29856907 0.34888597]\n",
            " [0.35254512 0.29856946 0.34888541]] \n",
            "\n",
            "cost: \n",
            " 1.101414101102645 \n",
            "\n",
            "iteration #  280\n",
            "Actual Output: \n",
            " [[0. 1. 0.]\n",
            " [0. 0. 1.]\n",
            " [0. 0. 1.]\n",
            " [0. 1. 0.]\n",
            " [1. 0. 0.]\n",
            " [1. 0. 0.]]\n",
            "Predicted Output: \n",
            " [[0.31423575 0.36791412 0.31785013]\n",
            " [0.31423399 0.36790753 0.31785849]\n",
            " [0.31422349 0.36786551 0.317911  ]\n",
            " [0.31423575 0.36791412 0.31785013]\n",
            " [0.31423485 0.36791073 0.31785442]\n",
            " [0.31423496 0.36791116 0.31785388]] \n",
            "\n",
            "cost: \n",
            " 1.1011955374902294 \n",
            "\n",
            "iteration #  281\n",
            "Actual Output: \n",
            " [[0. 1. 0.]\n",
            " [0. 0. 1.]\n",
            " [0. 0. 1.]\n",
            " [0. 1. 0.]\n",
            " [1. 0. 0.]\n",
            " [1. 0. 0.]]\n",
            "Predicted Output: \n",
            " [[0.35233817 0.29894902 0.34871281]\n",
            " [0.35233554 0.29894312 0.34872134]\n",
            " [0.35231963 0.29890545 0.34877492]\n",
            " [0.35233817 0.29894902 0.34871281]\n",
            " [0.35233683 0.29894598 0.34871719]\n",
            " [0.35233699 0.29894637 0.34871663]] \n",
            "\n",
            "cost: \n",
            " 1.1013516497124842 \n",
            "\n",
            "iteration #  282\n",
            "Actual Output: \n",
            " [[0. 1. 0.]\n",
            " [0. 0. 1.]\n",
            " [0. 0. 1.]\n",
            " [0. 1. 0.]\n",
            " [1. 0. 0.]\n",
            " [1. 0. 0.]]\n",
            "Predicted Output: \n",
            " [[0.31444035 0.36754376 0.31801588]\n",
            " [0.31443858 0.36753717 0.31802425]\n",
            " [0.31442803 0.36749511 0.31807686]\n",
